0.99381
0.999989
1.15337e-07
0.00497437
8.74708e-08
0.945398
0.389715
0.000222266
1
0.748633
0.999985
0.203852
0.000106488
1
1.63889e-06
0.0681456
0.00406966
0.999842
0.000250126
0.980546
1
0.802271
9.89326e-06
0.0112068
0.0365595
0.0279961
0.182706
0.999937
0.999996
0.00534062
0.823453
0.999976
1.11993e-05
0.000410612
0.0292164
0.999997
0.0570472
7.31431e-05
1.54921e-06
0.151594
0.989165
2.76727e-07
0.366001
0.998884
3.22394e-06
0.302171
0.999998
6.19417e-05
8.1194e-05
0.365219
0.999293
0.999662
0.999889
0.0614045
0.99993
0.945046
0.0289639
0.335701
1
0.99999
0.897595
1.3773e-05
0.0584383
0.0219393