0.997714
0.999996
3.13517e-07
0.0134071
2.3777e-07
0.979195
0.634481
0.000603952
1
0.890058
0.999995
0.410381
0.000289411
1
4.45495e-06
0.165822
0.0109857
0.999942
0.000679622
0.992754
1
0.916869
2.68922e-05
0.0298878
0.0935052
0.0726085
0.377983
0.999977
0.999998
0.0143853
0.926894
0.999991
3.04423e-05
0.00111537
0.0756221
0.999999
0.141227
0.000198799
4.21117e-06
0.326918
0.995986
7.52221e-07
0.610779
0.999589
8.76354e-06
0.540665
0.999999
0.000168357
0.000220677
0.609977
0.99974
0.999876
0.999959
0.150984
0.999974
0.979056
0.0749994
0.578712
1
0.999996
0.95972
3.74381e-05
0.144356
0.0574706